pushplus_token: 8ea3fd4682d84fd695f205be0a25b799 ## pushplus推送token
refresh_token: 9cd3ca949f0841be9d9ccf4dcd5641ab ## 阿里云网盘刷新token
bilibili_cookie: 123456abc ## B站cookie
jd_cookie: __jdu=1692011924388128208972; shshshfpa=12236438-0244-03ce-52ce-d4c3fa32c581-1692011925; shshshfpx=12236438-0244-03ce-52ce-d4c3fa32c581-1692011925; 3AB9D23F7A4B3C9B=JOOXB3TZCWGUATQE3GDREOF36QEP54INS6PAUDXTRJOGGGCBVFQGY3TWVLQKAVVWYHNVROEESZMDVEWJ6HNC7PMELE; joyya=1692011923.1692011932.14.1er4hwf; retina=1; cid=9; appCode=ms0ca95114; webp=1; __jdv=125301457%7Cdirect%7C-%7Cnone%7C-%7C1700822272459; __jdc=125301457; mba_muid=1692011924388128208972; visitkey=8975747331110273094; PPRD_P=UUID.1692011924388128208972; sc_width=1280; equipmentId=JOOXB3TZCWGUATQE3GDREOF36QEP54INS6PAUDXTRJOGGGCBVFQGY3TWVLQKAVVWYHNVROEESZMDVEWJ6HNC7PMELE; fingerprint=c329ad94abc751c536d8dc6589b7d5c6; deviceVersion=119.0.0.0; deviceOS=; deviceOSVersion=; deviceName=Chrome; jcap_dvzw_fp=DuA--09p18sJj81mIr6EDgkCi5_XxW7RE0FeTIplZQJSjJR343SRpYgLXhJ0mCJZDNXU8HPCkpq_Tnm207D7xg==; TrackerID=tMBeB_DkIwrUiG4TWvXWGqSnbxbu10dzPIs5DOPPGxM0bSSw5ItTgAzozAytsi9Ba1oqKAvqJ2GT2o5NaRGtLl22EaDublLLLzfjgOpmHWQ; pt_key=AAJlYH3pADDx6DkwKrbgHuMj2BKJ0KGqw4JdR95IqX34_nIxCpwibGBgGLMbaJ2kAQZWkqcM0BQ; pt_pin=shiqiang4521; pt_token=r3gd694c; pwdt_id=shiqiang4521; sfstoken=tk01mc37d1d15a8sMXgzeDJ5M1ZvsXV4XHzk9YDZyd3/qKv4yNkjWAO+rhsUmwKnekI4e58FhLfphl2Pid6ymFsVpsTO; whwswswws=; __wga=1700822506206.1700822372252.1700822372252.1700822372252.2.1; shshshfpb=AAnTb6wCMEiNkOAJEA85SztTD-jLFgRaSARklQgAAAAxzaGlxaWFuZzQ1MjE; wxa_level=1; wqmnx1=MDEyNjM2MGgvLjc0MTlsMGRUOzQpZXQzVGljaDEwZjMxZjRmQktZQ0ZGKCU%3D; jxsid=17010640216986608749; __jda=125301457.1692011924388128208972.1692011924.1700822272.1701064021.6; autoOpenApp_downCloseDate_jd_homePage=1701064022443_1; 3AB9D23F7A4B3CSS=jdd03JOOXB3TZCWGUATQE3GDREOF36QEP54INS6PAUDXTRJOGGGCBVFQGY3TWVLQKAVVWYHNVROEESZMDVEWJ6HNC7PMELEAAAAMMB5IULTAAAAAAD7ZY5CYPH2RRYIX; _gia_d=1; mba_sid=1701064021928398349397565935.2; autoOpenApp_downCloseDate_auto=1701064035834_1800000; __jd_ref_cls=MSecKill_Main_Feed_Product; warehistory="100041784412,"; __jdb=125301457.4.1692011924388128208972|6.1701064021 ##京东cookie
